site,MLE,Lower,Upper
1,0,0,1.43076352549
2,3.5677788489,0.326669868577,10000
3,4.53612048079,0.164707280702,10000
4,9.23555345613,0.0957675768998,10000
5,10.3053885304,0.37080283001,10000
6,5.52415293099,0.118051055469,10000
7,3.85729867725,0.318457511859,10000
8,4.15178979326,0.198101558629,10000
9,0.956467970045,0.0375611420728,10000
10,0.889011707445,0.0454198470505,10000
11,4.6284210615,0.125021150131,10000
12,11.9554759953,0.0884518776428,10000
13,10.0713912603,0.335626728103,10000
14,13.8737298577,0.586463915278,10000
15,12.065160582,0.33432972267,10000
16,10.1144698557,0.220949356604,10000
17,1351.91536025,0.278760674483,10000
18,4.15179074157,0.197685379423,10000
19,1.5442273203,0.252589633673,10000
20,0,0,10000
21,0,0,10000
22,0,0,10000
23,0,0,10000
24,0,0,10000
25,0,0,10000
26,0,0,10000
27,0,0,10000
28,0,0,10000
29,0,0,10000
30,0,0,10000
31,0,0,10000
32,0,0,10000
33,0,0,10000
34,0,0,10000
35,0,0,10000
36,0,0,10000
37,0,0,10000
38,21.2261542182,1.6141717863,10000
39,6.19134447874,1.68516900046,10000
40,12.2074401377,2.66107799703,10000
41,77.6251179916,2.00546780525,10000
42,2.59276289611,0.684483791415,10000
43,31.0804361515,2.22861934644,10000
44,4.01193083552,1.03127079316,10000
45,64.1207670469,2.05792417365,10000
46,24.5486747772,2.88196576928,10000
47,14.6865150627,2.23583571369,10000
48,23.742883924,0.623121426943,10000
49,84.7116735175,4.64290957745,10000
50,9.99701212559,2.46307930108,10000
51,2.88735185553,1.05893831248,7.36802792009
52,4.16186814521,1.55022608198,10000
53,0.347569186604,0.124591339846,0.747644720558
54,1.93041066354,1.33178501184,2.7185941341
55,3.7292741718,2.25313522455,6.5091043957
56,4.93169020861,3.16404992864,7.58264656399
57,3.12651414327,1.95480406079,4.7885329042
58,2.53944121607,1.54991262856,4.04720083062
59,5.54553746473,2.06698451598,20.0305264591
60,5.04265087178,2.81023590954,8.89729836524
61,3.29806382196,1.76959870385,9.06683434042
62,3.389918456,1.87268266865,6.04537234106
63,2.59531735448,1.44202302503,4.50432518747
64,3.92093263585,2.61618291109,5.67716113755
65,7.11733863859,0.298355996863,10000
66,1.75002094743,0.081396881013,10000
67,0,0,1.56406398045
68,8.23853820671,0.234865364515,10000
69,1.0526776033,0.0551080313906,10000
70,2.11155998967,0.109074122526,10000
71,6.65637267102,0.352790852069,10000
72,18.3492322574,0.36618158326,10000
73,14.5778428591,0.571774413919,10000
74,17.7082934429,0.510509236274,10000
75,0,0,10000
76,0,0,10000
77,0,0,10000
78,0,0,10000
79,0,0,10000
80,0,0,10000
81,0,0,10000
82,0,0,10000
83,0,0,10000
84,0,0,10000
85,0,0,10000
86,0,0,10000
87,0,0,10000
88,0,0,10000
89,0,0,10000
90,0,0,10000
91,0,0,10000
92,0,0,10000
93,0,0,10000
94,0,0,10000
95,0,0,10000
96,8.70247434024,0.416160651121,10000
97,5.45869997734,0.120761581259,10000
98,2.15841685923,0.115509996727,10000
99,8.58681908452,0.357712924609,10000
100,8191.00000001,0.422239577979,10000
101,8.50724532597,0.727011154414,10000
102,24.5373670285,0.639317816037,10000
103,28.1956954002,1.60556998844,10000
104,10.2335039468,1.63766515949,10000
105,1.86235398989,0.44575038512,10000
106,25.5720404053,0.973137358033,10000
107,2.85088783794,0.963306022572,7.11032381471
108,4.9068093155,1.93265365827,12.4502171027
109,11.1562975835,3.59000197251,45.1424980831
110,3.3624246101,1.2957027651,10.3412395771
111,1.20757058941,0.322673494603,12.5567013477
112,10.3364410445,3.88202401482,28.8248823318
113,5.5660219179,2.04233688057,10000
114,34.026690799,6.97953687271,10000
115,6.45017215873,2.94110751306,13.702199412
116,5.36977188162,2.48877045605,13.8210078428
117,3.65699465683,2.19908140358,5.89561607834
118,6.50819918426,3.90706946931,11.0368436041
119,7.24385249236,3.45517539011,17.11884076
120,6.73111163945,3.78157255307,12.7806324781
121,6.38068688188,3.33164142029,12.2536505677
122,3.36078962082,2.03715214253,5.43338056492
123,5.34338288186,3.22548270026,9.13095986676
124,3.40354158314,2.1137038403,5.37167986458
125,4.13188820026,2.56011239913,6.53380831661
126,3.21557546658,2.41223909517,4.24321443492
127,2.15791815813,1.56565998283,2.90446052921
128,2.41932059507,1.77815645524,3.22610057112
129,2.68630968774,2.02786075093,3.51475523237
130,3.26288713696,2.41381817822,4.35034590608
131,2.3776162422,1.75237135971,3.17681419072
132,2.62527623499,1.91754039149,3.5418167514
133,2.41188744007,1.76166538314,3.28006393631
134,4.33534030977,2.51494420748,7.55192299039
135,3.54651552821,1.92495660033,6.63561497006
136,4.28831374567,2.62531170236,6.81082677486
137,4.08546674533,2.60165958891,6.41573152734
138,2.4753840295,1.47518112561,4.04871530589
139,5.67090730171,3.2464901762,9.75425280743
140,3.35269506649,2.3820277079,4.64995406144
141,2.34041375484,1.63220246484,3.29808849659
142,4.53063490515,3.22200230779,6.28161075204
143,2.93042694399,2.04938205036,4.12664310998
144,2.47653587145,1.71855371629,3.49023884657
145,2.84721113883,1.9306170914,4.18119029125
146,2.28291740551,1.46977328248,3.44350651191
147,2.65684455822,1.77229939124,3.91746713284
148,3.29803197245,2.07940438142,5.03504793682
149,1.00358781687,0.582728462526,1.61710309264
150,2.93843684118,1.99778216592,4.25426794395
151,0.940936023383,0.512969480757,1.56136924068
152,1.84995846679,1.10488520067,2.89860197779
153,0.918481396527,0.327548530115,2.01370865279
154,2.84273013033,1.53074513878,4.98974657847
155,11.788523715,1.80331126355,10000
156,1.9967614743,1.04927767614,3.46236361103
157,1.63902944101,0.927502629987,2.69348256036
158,1.14160349215,0.616236083675,1.92594431072
159,2.4402413919,1.51416223364,3.81246109893
160,2.63953568799,1.58146625565,4.14987244872
161,1.68103814824,0.950776416285,2.79371208666
162,1.30732067255,0.694160350297,2.29105034541
163,2.47386679303,1.46802863244,3.97159249063
164,3.44960394084,1.89366005574,5.83042863155
165,2.30561138568,1.20512211156,4.12235896734
166,1.43325676789,0.757641706348,2.4749820599
167,1.49253793796,0.815036265197,2.51524166175
168,2.84084441704,1.7861686865,4.37066902679
169,3.83776921987,2.41668223364,5.86827285992
170,2.43792947368,1.39046187589,4.03459218786
171,1.34048023593,0.665643428168,2.39727350059
172,0.819482023938,0.403564975073,1.47631687262
173,3.46158022636,1.98438656049,5.98979991659
174,0.649201916869,0.272051005552,1.31535560714
175,0.439608860831,0.0227078383053,3.03723116525
176,4.79319206413,0.51440289334,10000
177,3.98333237927,0.570617151362,37.2076560278
178,3.02030418022,1.53602853404,5.39359969124
179,3.00351847643,1.150158396,6.70769400024
180,0.765912960401,0.288062511771,1.59145552933
181,1.84265823077,0.7449160932,3.75468067897
182,1.88898489461,0.614903030497,4.48154584578
183,0.585953306992,0.206717083842,1.3204894417
184,4.06351009203,2.27587844738,6.81703772952
185,1.89589940208,1.12746434669,3.00511095991
186,2.62508206554,1.55010525007,4.20631839893
187,2.1064050234,1.25184875026,3.33035439084
188,0.834943097912,0.32891149206,1.72351922531
189,2.3588953891,1.17837209132,4.25651804447
190,6.91397234445,2.3787920083,15.8349993929
191,2.54381259459,1.11979114745,4.89367894165
192,2.15396858855,1.10789926439,3.78305092959
193,2.27232260151,0.831163574328,6.08332387041
194,0.923645620074,0.505013965452,1.54500444245
195,2.74212479855,1.72895194866,4.16853634038
196,0.787386382184,0.370848067617,1.45408429328
197,1.28286282793,0.671829461154,2.20444126609
198,1.53099757698,0.83554741856,2.61670971069
199,2.18712406358,1.36456877216,3.35159128053
200,3.46446212688,2.11920704166,5.47262477395
201,1.49335022526,0.851245368513,2.46548078438
202,2.27369515167,1.22936011365,3.89221064064
203,1.7950211767,1.00894012005,3.02100375123
204,1.8951084723,1.01699985291,3.28081626788
205,1.29503050605,0.661858297966,2.31148828719
206,1.97117592726,1.13056829873,3.22190429181
207,1.35021356928,0.82080363717,2.10200815646
208,3.24625586092,2.0757138065,5.0218784686
209,2.64490616923,1.63733267949,4.15709820179
210,1.40286200499,0.791175513025,2.31236228767
211,4.30015601982,2.58006034819,6.84453527212
212,1.41456681771,0.775663873333,2.3796870656
213,1.91045724276,1.16108774646,2.96760630665
214,1.41125861109,0.761757986343,2.38109883591
215,2.79029949456,1.7038704904,4.33159940749
216,2.41263844209,1.41829966756,3.92122598545
217,1.76681534465,0.984445966489,2.93576233976
218,4.79899243553,3.08372234278,7.35628293313
219,1.96402377419,1.05283304734,3.42321037005
220,3.71929571831,2.31727974687,5.98760522737
221,1.91619227796,1.15264275786,3.02864824341
222,1.0895388125,0.488200627681,2.10080788954
223,2.05732220708,1.12708469628,3.55258288647
224,2.59077743224,1.49238262888,4.28413723077
225,2.87755497497,1.66661913444,4.78083578328
226,1.89297134379,1.0358590479,3.25330543445
227,3.81036530472,2.51591927964,5.58974736419
228,4.37410138103,2.97445114781,6.34120365251
229,2.851016334,1.91041441306,4.15492012046
230,2.43600296693,1.62312435698,3.5579991155
231,5.04131901671,3.37017889699,7.46240916555
232,2.77400689803,1.8523167477,4.06867216022
233,1.64681718274,1.10796286483,2.37525957417
234,3.51117425085,2.4993233872,4.87293554636
235,1.89231271949,1.31758302805,2.6330291438
236,1.59305208595,1.01118352332,2.39613181717
237,1.92805191355,1.31689702282,2.75480070685
238,1.78588967459,1.22826448505,2.54322435488
239,2.56038049522,1.97936961365,3.29504921896
240,1.72806336209,1.337773205,2.21007012523
241,3.15696942135,2.24712954705,4.3677902632
242,2.49357815559,1.80073257039,3.39080613354
243,2.1893770726,1.60484248988,2.96551546855
244,3.75312769502,2.71329033046,5.16384287089
245,3.26871471229,2.44925651924,4.34335263799
246,2.55363054683,1.90675715014,3.43324785982
247,4.03683813946,2.97595996449,5.38574669083
248,2.15617488067,1.64138887055,2.81964748081
249,2.8126174706,2.12342664927,3.7253707517
250,2.968586129,2.27826785925,3.88228090161
251,3.497855214,2.61600643115,4.65534146682
252,2.72378475923,2.15365280732,3.43522497285
253,3.91725433893,3.1020655459,4.96054713737
254,2.83524804406,2.28456981466,3.50815547299
255,3.87202471107,3.17174049974,4.70939212211
256,0.20953934953,0.11557990772,0.343910024136
257,0.0571723066537,0.0142197653818,0.148361156989
258,0,0,4.46436293049
259,0.24044072876,0.135122000696,0.390692784907
260,0.563299299751,0.40741948709,0.756554392125
261,0.789233525378,0.575562856713,1.05150230529
262,0.204271968075,0.109235785251,0.343426013154
263,0.757479031229,0.593250786518,0.951122030937
264,1.32236516843,1.05691799613,1.63738861483
265,2.59012318049,2.14445296377,3.11001150769
266,0.026294856067,0.00436796831335,0.0813307178482
267,0.784808323868,0.604328752684,1.00149212633
268,0,0,10000
269,0,0,10000
270,0,0,10000
271,0,0,10000
272,0,0,10000
273,0,0,10000
274,0,0,10000
275,0,0,10000
276,0,0,10000
277,0,0,10000
278,0,0,10000
279,0,0,10000
280,0,0,10000
281,0,0,10000
282,0,0,10000
283,0,0,10000
284,0,0,10000
285,0,0,10000
286,0,0,10000
287,0,0,10000
288,0,0,10000
289,0,0,10000
290,0,0,10000
291,0,0,10000
292,0,0,10000
293,0,0,10000
294,0,0,10000
295,0,0,10000
296,0,0,10000
297,0,0,10000
298,0,0,10000
299,0,0,10000
300,0,0,10000
301,0,0,10000
302,0,0,10000
303,0,0,10000
304,0,0,10000
305,0,0,10000
306,0,0,10000
307,0,0,10000
308,0,0,10000
309,0,0,10000
310,0,0,10000
311,2.69162213112,2.21839034393,3.25471928417
312,2.67159113275,2.17230897305,3.28032754824
313,0.781969728333,0.610244575926,0.985875356124
314,1.08612840854,0.849142956234,1.36914000831
315,2.98100685066,2.47269208434,3.59093524302
316,0.979471908206,0.780533973071,1.21371368658
317,1.12624794262,0.880347615325,1.41874909146
318,2.0892588095,1.71259053936,2.52889226247
319,2.90215052365,0.0901271459806,10000
320,2.72943845124,2.22703283738,3.33105359427
321,1.41817349322,1.14671945374,1.73805288622
322,2.52944680877,2.06413402696,3.07131014976
323,2.98811950099,2.46089022829,3.60408293197
324,1.92685728167,1.54652472398,2.37932191329
325,2.44213574411,2.00299378923,2.95823035388
326,2.16996950952,1.46154467395,3.18223593669
327,2.35246871431,1.47362543404,3.65375688874
328,1.17087475162,0.23830047172,6.22313788859
329,0.89056861512,0.0801963470005,15.4269966677
330,2.83474666165,2.33924781578,3.41275581578
331,2.26837319876,1.86512089392,2.7394944122
332,1.78353624912,1.43603745427,2.19454154166
333,0.765556205378,0.575973437942,0.994339403254
334,0.645106116236,0.448209728227,0.893811188123
335,0.848173762678,0.647020418583,1.08963829116
336,1.18216164036,0.915598573603,1.50757374676
337,0.661916108537,0.504003033028,0.852220374213
338,1.54954427592,1.24045386091,1.91473137639
339,0.289331826964,0.172206978103,0.451169934477
340,2.45215603039,2.01776962334,2.95522931069
341,0.340355067431,0.221033489037,0.497348011106
342,0.117240199831,0.046746150418,0.236648595323
343,2.78375606954,2.29382857808,3.35820508011
344,0.0644929554628,0.0200085603026,0.150017995789
345,3.45205388902,2.85371132704,4.15768366453
346,2.82320501912,2.29591982289,3.46277072
347,0.470485292217,0.34279549667,0.628724158836
348,1.84503814422,1.44763676103,2.32096989202
349,1.75910683486,1.43704710362,2.1398738083
350,3.08966757734,2.33403427293,4.009215225
351,3.08298482638,2.33144735667,4.04033529005
352,3.10471731851,2.41116544692,3.95217948621
353,3.2857819934,1.06201299312,10000
354,3.37349172364,2.03378504491,5.41499528937
355,2.00425192899,0.552924623837,10.427379884
356,2.96590319459,0.91509169468,10000
357,5.63599708349,1.45223046203,10000
358,1.23346724147,0.0994177387045,6.51344702796
359,2.64315841914,0.596275046057,10000
360,3.15665079304,2.49543180824,3.95562650573
361,1.6023598317,1.22615449217,2.06022097476
362,1.86138836839,1.42966411925,2.38744356636
363,3.66492951461,0.635970924312,10000
364,3.60892511913,2.76789915992,4.69360665842
365,2.6702934477,2.10660315207,3.35945054111
366,2.204759984,0.457918817056,10000
367,3.28039904642,2.25489712171,4.69683332866
368,1.55153293154,0.808920943907,2.70754930455
369,4.18083704555,2.50096779269,6.86204777556
370,2.05788326765,1.0311708043,3.81200919852
371,2.68489057475,0.941891905408,7.57343781712
372,5.43256520914,1.57930609785,43.1271997158
373,0.639517023816,0.326695666447,1.12444919841
374,0.34840235432,0.0152632468954,20.3034738382
375,2.317102879,1.57695380128,3.34557518163
376,2.58869727597,1.79986241827,3.64959320608
377,2.25564234894,1.67506657995,2.99215481826
378,2.25286875132,1.52214808887,3.26517787893
379,1.16914960862,0.70398169547,1.81652593077
380,2.15030277992,1.74131527094,2.62741715207
381,0.0275896756708,0.00458432366449,0.0852762632652
382,1.58002830684,1.25920878516,1.95717575281
383,0.298794148033,0.202360422905,0.422454684288
384,2.13478031441,1.73505245821,2.5992954628
385,0.841449633056,0.656049160203,1.06275218575
386,1.11849978026,0.885119712191,1.39586559108
387,1.08081839402,0.842071213297,1.36543066806
388,1.11256360451,0.848492462256,1.42960137403
389,1.04025478626,0.812445652008,1.31135630725
390,2.22836113563,1.82795572686,2.69575650462
391,7.57735542726,0.28984039621,10000
392,0.532248984605,0.0248971976285,10000
393,6.74358104843,0.206768056365,10000
394,7.4124650157,0.10627535886,10000
395,5.9518650106,0.093093497218,10000
396,2.27001232066,0.207844816952,10000
397,6.23714923834,0.203770263399,10000
398,2.84157630382,0.15060481377,10000
399,2.29922703067,1.88890275109,2.78090229155
400,1.94466016434,1.48231784853,2.51931087385
401,0.941694162159,0.639353805913,1.33279583188
402,3.40344237237,2.77964771219,4.16866931121
403,0.879400433533,0.693704119543,1.09801499369
404,12.0242406436,0.89451216917,10000
405,1.97926545452,1.59216613563,2.43096672333
406,0.461631921261,0.320224093006,0.6409648961
407,0.865941375434,0.672981729527,1.09718010042
408,1.78121299285,1.45622478497,2.16603622236
409,0.247376888543,0.163452447478,0.356781575823
410,0,0,10000
411,0,0,10000
412,0,0,10000
413,0,0,10000
414,0,0,10000
415,0,0,10000
416,0,0,10000
417,0,0,10000
418,0,0,10000
419,0,0,10000
420,0,0,10000
421,0,0,10000
422,0,0,10000
423,0,0,10000
424,0,0,10000
425,0,0,10000
426,0,0,10000
427,0,0,10000
428,0,0,10000
429,0,0,10000
430,0,0,10000
431,0,0,10000
432,0,0,10000
433,0,0,10000
434,0,0,10000
435,0,0,10000
436,0,0,10000
437,0,0,10000
438,0,0,10000
439,0,0,10000
440,0,0,10000
441,0,0,10000
442,0,0,10000
443,0,0,10000
444,0,0,10000
445,0,0,10000
446,0,0,10000
447,0,0,10000
448,0,0,10000
449,0,0,10000
450,0.36845778056,0.25574744427,0.511102566987
451,0.614809724183,0.437572458953,0.836455680347
452,1.60849266255,1.31813668047,1.94620397997
453,1.29432692268,0.193484291127,10000
454,1.90598603273,1.18089403655,2.92898309076
455,3.48533435249,2.19410933716,5.56520885487
456,5.76511529349,1.77895775311,25.1681438899
457,2.21007461856,0.520658789679,7.35712836436
458,1.95762510996,1.60211596073,2.39088342313
459,2.89359957275,2.34503653178,3.54051625999
460,2.85460302468,2.2917169755,3.54912700628
461,7.01784857178,0.222684465107,10000
462,3.41121702479,0.122629750796,10000
463,7.77335077995,0.215402154608,10000
464,8191.00000001,0.844479155957,10000
465,8191.00000001,0.422239577979,10000
466,0.442877141685,0.0183923319013,10000
467,0.785164811194,0.605604194629,1.00091253776
468,2.38538315969,1.94211394968,2.91267754069
469,1.01995520931,0.821612829416,1.25261560447
470,3.35612236977,2.65878361068,4.20627447086
471,3.04554696716,2.52724823528,3.65003981988
472,2.89849756892,2.28642945315,3.63378317057
473,1.72774635489,1.35717111187,2.17678581528
474,1.33770625457,1.03723347308,1.69650885033
475,2.73653102486,2.19274028662,3.38696185883
476,2.84382837712,2.326392736,3.45441302288
477,1.61020467675,1.27835805774,2.00448243161
478,1.48878463158,1.09926869282,1.97142270639
479,1.41245605148,0.551508927029,2.9579503106
480,2.63396469072,0.997256480872,5.66954329843
481,0.467064877491,0.28735657659,0.71218112165
482,0.852693227848,0.61902345196,1.13933650274
483,0.585881744926,0.40119866924,0.820462790607
484,1.5267413009,1.21325299445,1.89539090422
485,0.91750195859,0.706643537428,1.17003564572
486,0.744484393325,0.554559296749,0.976263721368
487,2.45178180864,1.99142435665,2.99124359402
488,1.06334586147,0.823394906322,1.34926318963
489,0,0,10000
490,0.377591042453,0.250924397617,0.541603212277
491,1.18291832304,0.890612881767,1.53498318959
492,3.30006903798,2.72656211884,3.96959998085
493,1.91896125953,1.56200784551,2.33960529807
494,0.764205645734,0.584719623436,0.979560997002
495,1.23908266904,0.98099154909,1.54308396602
496,2.96248999951,2.43992594993,3.58414257162
497,1.23108236237,0.981658907168,1.52487809944
498,0.645609348732,0.476586626162,0.852554543906
499,1.61901093164,1.28183090699,2.0169551062
500,2.02638665478,1.66780903653,2.44781152578
501,0.99743604764,0.773899137666,1.26305964383
502,2.06307945752,1.67421097227,2.51416653997
503,1.5657944334,1.24473745929,1.94421024476
504,1.01897696741,0.697045966632,1.43030234679
505,0,0,10000
506,1.46488443623,1.16530253202,1.81721456841
507,1.66960358045,1.3470891068,2.05292238202
508,0.22366493506,0.144016092579,0.328751802385
509,0.674957213409,0.493709515528,0.898205894899
510,2.54402694656,2.09071235581,3.07981338531
511,1.61964623655,1.29600400777,1.99852353971
512,0.198604085582,0.111730514629,0.322213240446
513,0,0,10000
514,0.332270003651,0.201088947199,0.511503982672
515,0.67184956358,0.505886684697,0.873532405813
516,1.08749077873,0.81945503941,1.41566434853
517,2.07772808217,0.196245031464,25.4210613649
518,0.929906731692,0.713484714512,1.18871163162
519,1.51543165593,0.352433755741,4.36770822841
520,2.38291070952,1.49332890906,3.64427036529
521,0.88300060579,0.265325871137,2.22087238077
522,1.885439692,1.47586130534,2.37541850482
523,1.65608469388,1.34635132881,2.02140011997
524,1.6781996826,1.33367924677,2.08739702596
525,0,0,10000
526,0.388207207823,0.274985545559,0.530255585741
527,1.24168796585,0.972682244494,1.55964748938
528,0.874509753056,0.659127122207,1.13565793853
529,0.865941375434,0.663367331215,1.110880043
530,0.699794962233,0.499666505821,0.948287294448
531,0.905399060836,0.640423279782,1.23888462309
532,0.499863488987,0.373861645109,0.652431293855
533,0.820081221629,0.635387503928,1.04024340769
534,0.0734691631051,0.0228095769845,0.170790061195
535,2.17275278039,1.67347141602,2.78007082631
536,1.31202798286,0.992175837571,1.69839155313
537,3.39510282091,0.159436844153,10000
538,3.55702595957,0.796700732936,15.9798626525
539,1.10087366859,0.83611796957,1.41979623587
540,2.72784614904,2.18020770954,3.38732422955
541,2.17201658824,1.74932895885,2.66690246907
542,1.89009219092,0.389875402776,7.8398294939
543,3.68867066854,2.30290842942,5.95577659617
544,1.71380518772,1.11741567927,2.52869559741
545,1.41947299878,1.08298590663,1.82636824336
546,1.36544049382,1.00635519511,1.80909742434
547,1.05462939425,0.426442497798,2.1916040689
548,3.76114179406,2.67872374136,5.29812887689
549,2.23836396865,1.79841809925,2.76357319455
550,1.28268440881,1.0033050033,1.61258330006
551,1.64367631505,1.32590201328,2.01402110557
552,0.143290460221,0.0717467335041,0.251622816663
553,1.14277719585,0.889638632965,1.44565551917
554,1.15762991645,0.911953387711,1.44831441531
555,0,0,4.2564867522
556,0.454770198031,0.305709982385,0.646699374266
557,0.922023933059,0.721629077009,1.16045238307
558,0.959805922925,0.724482120895,1.24508164758
559,0.570167812936,0.409349350282,0.770338631913
560,1.69312159739,1.26695171092,2.2137353765
561,1.4355025052,1.09156490547,1.85683620294
562,1.18920013288,0.925900660806,1.50282585579
563,1.85069602535,1.49488945344,2.26958295761
564,1.57177669099,1.20608230314,2.02376484882
565,1.96958140047,1.5840208425,2.42031524403
566,0.778270321948,0.118979538288,3.66400304451
567,1.40044889596,1.12522763824,1.72106469193
568,0.905675341539,0.693145974092,1.16045911587
569,0.244888475608,0.154289873753,0.365800679501
570,1.59690059662,1.24412611188,2.01497460228
571,1.15303277516,0.757095234159,1.66936322166
572,0.289677471923,0.189950904655,0.420034245834
573,0.346580470787,0.223351044753,0.50882551405
574,0.0559579560473,0.0139175194219,0.145215572746
575,0.474162130577,0.34655443648,0.631101776804
576,0.318270008022,0.204566349612,0.468830143083
577,0.238452287749,0.131098401383,0.392939028311
578,0.697726952818,0.513112278953,0.924964035599
579,0.901436724009,0.700023346309,1.14190099417
580,0.739359671044,0.566137848805,0.947009643642
581,1.0349293967,0.801697776474,1.31516415714
582,0.36041923937,0.252529904132,0.496617061603
583,0.124963932334,0.0625326231015,0.219711930127
584,0.713960760959,0.51510811585,0.960469744992
585,0.878435502825,0.677822986735,1.11752873042
586,2.10095430655,1.71226205385,2.56620349717
587,1.62583959691,1.28553220723,2.0254391623
588,1.73632932761,1.39101464958,2.14308824706
589,0.354585308127,0.248924006754,0.487643050492
590,1.63889241956,1.33907036283,1.98960571856
591,1.83357222336,1.47664867464,2.25206820697
592,0.778442973525,0.58815810617,1.01054835259
593,1.59103054189,0.0584110727252,10000
594,6.48954481426,0.236352612068,10000
595,1.73375179669,1.40885463853,2.1158182153
596,14.0415113992,0.899160490113,10000
597,33.3884131146,1.01995668991,10000
598,0,0,6.81173155237
599,0.150502123605,0.0804455840498,0.253159420314
600,2.09344291649,1.69713582354,2.55700728978
601,1.37037992614,1.06164428694,1.73769800017
602,2.00176033314,1.48877425736,2.65297970046
603,1.78259677829,1.40430781588,2.24351720358
604,0,0,10000
605,1.53580861889,0.0728070458229,28.2566364617
606,4.93052738815,0.371893001264,10000
607,1.60605087347,0.249970790421,6.89008971926
608,2.75745500988,0.705580461258,10000
609,0.999267076158,0.76402360326,1.28493568053
610,0.704522474425,0.492774941349,0.970439702974
611,1.01896181512,0.799093285075,1.28070425016
612,0.217451544587,0.116450313307,0.364835888469
613,1.87034468871,1.51179461727,2.28903893297
614,1.47729465867,1.18729443239,1.8184932397
615,1.55960686038,1.03908756689,2.25196800737
616,1.58406450017,1.26074450011,1.96916030159
617,0.766713733025,0.565266843736,1.01339674047
618,0.671862665625,0.491772396228,0.892245429204
619,0.870809520955,0.561622245158,1.27683986225
620,1.25222351259,0.973965691015,1.58537717141
621,1.9439343963,1.55071940865,2.40796444282
622,1.45912078393,0.822767459337,2.39687415052
623,1.06539573929,0.552477105469,1.84480265496
624,1.52635220739,0.873859198446,2.48881806586
625,2.5539810221,1.58913199061,3.93458836561
626,1.71074155828,1.33307825137,2.17257554136
627,1.49569140509,1.13400680208,1.9403516011
628,2.01875400928,1.55663410927,2.58254491113
629,2.47431269429,1.88934158774,3.19370269135
630,2.77362737068,2.07837672811,3.63521840942
631,2.67484653463,2.0444674807,3.44726298596
632,2.42730339208,1.74153226317,3.31099161259
633,5.57758447494,3.02052289037,10.0880233536
634,6.26079023477,3.40117704838,11.2501464735
635,24.7938619145,2.49986811258,10000
636,5.35262228354,2.58032498274,15.2619033447
637,2.26436851912,1.03252566451,4.5437777584
638,0.649557898648,0.20011431502,1.57499476506
639,2.37508698292,0.841276390627,6.27095888928
640,2.27061334817,1.60443621629,3.13199102515
641,2.15233979508,1.53352261221,2.97663515545
642,2.89692229794,1.8960323084,4.30627624595
643,1.88963937876,1.28379101404,2.71192459419
644,1.27490088395,0.727223559091,2.0919869571
645,1.76695908674,1.23685566987,2.45295921375
646,2.54891992474,1.93328660033,3.31942665853
647,1.01862368061,0.778369809107,1.30651411634
648,1.74536239809,1.40211098878,2.15112854583
649,1.40371162988,1.09655047572,1.77134947836
650,0,0,10000
651,0,0,10000
652,0,0,10000
653,0,0,10000
654,0,0,10000
655,1.64842303777,1.31137504054,2.04731608681
656,0.849920962021,0.634809871898,1.11104314193
657,0.681900292,0.476583876682,0.940128228588
658,0.649180168311,0.477876421587,0.85875760789
659,1.25171656478,0.069766919632,6.25662275839
660,1.62193943984,1.31237006248,1.98478304723
661,0.4831253923,0.353203845376,0.643083144117
662,1.14919421109,0.9196849211,1.41822017948
663,0.298428078444,0.180959570121,0.458353622358
664,0,0,1.05145065684
665,1.75002094743,0.147505078363,19.8887935383
666,0.62111110375,0.432313886675,0.860090422135
667,1.85614104397,1.4986664624,2.27459163691
668,0.343938380831,0.208619698176,0.528215202234
669,1.28402143176,0.989824586017,1.63697854493
670,0.26215737685,0.176200413592,0.372871269127
671,0.587885107845,0.393131308511,0.838056573358
672,1.47933065776,1.20132215706,1.80501624503
673,0,0,10000
674,0,0,10000
675,0,0,10000
676,0,0,10000
677,0,0,10000
678,0,0,10000
679,0,0,10000
680,0,0,10000
681,0,0,10000
682,0,0,10000
683,0,0,10000
684,0,0,10000
685,0,0,10000
686,0,0,10000
687,0,0,10000
688,0,0,10000
689,0,0,10000
690,0.651864621517,0.495656452136,0.840019515682
691,0.671867033019,0.205780654824,1.60228546124
692,1.5285715629,1.2357135866,1.87067089677
693,2.22824179904,0.135968774753,10000
694,0.41985902688,0.267807093961,0.621211528518
695,1.04901950828,0.81439413276,1.32686908615
696,2.92450606721,2.39926213649,3.54576200554
697,0.641026447547,0.484616109803,0.830370094348
698,1.77868923013,1.43618515844,2.17976618098
699,0,0,0.288525824599
700,0.59941244149,0.432463648761,0.805227267163
701,0.753661399421,0.5684029127,0.976323804308
702,0.302703932326,0.0503433881331,0.934328546924
703,1.6274725265,1.30630114521,2.00665967623
704,1.03720677872,0.771143543847,1.36020606652
705,0.265466131681,0.160741645675,0.408391133349
706,1.16510899293,0.912177027349,1.46894800237
707,0.719519610049,0.523353636121,0.961205326613
708,0.793044970471,0.573718003263,1.06303853742
709,0.367744557792,0.250017715146,0.518317024449
710,1.13203043976,0.886624764952,1.42157192758
711,0.138896573681,0.0695241574013,0.244091105694
712,0.262161732599,0.165014918739,0.392172189698
713,0.0534246093552,0.0132782535646,0.138702771601
714,0.843156822663,0.624836857531,1.11027928242
715,0.639279615863,0.485770848108,0.824770501905
716,0.592519141334,0.429350540633,0.794204970382
717,0.263137572967,0.171066140023,0.383937131678
718,1.14399614081,0.890180591331,1.44507287207
719,0.551422207368,0.409776329068,0.724478711783
720,1.38307736566,1.11295419227,1.70020954568
721,1.13916141801,0.860451052272,1.47761595622
722,0,0,10000
723,2.59676902766,2.13082546962,3.13951169214
724,0,0,0.820481432439
725,1.07350516124,0.0888215524487,10000
726,0.189449281789,0.108769934632,0.303125973907
727,1.70622426502,1.11886702368,2.50088714599
728,2.47426670722,1.72432237723,3.44827134305
729,5.77550395365,0.324048238147,10000
730,4.29352190837,0.217450685155,53.6789853786
731,4.29352190837,0.217450685155,53.6789853786
732,6.73962562439,0.307886115535,10000
733,31.4835962441,4.15456123595,10000
734,1.81076879073,1.4475846347,2.23713063375
735,2.68919142169,0.875347414904,7.54659802344
736,5.35234882386,1.86588759606,28.2886896764
737,4.04464686092,1.52856975656,10.1831338894
738,1.4299411771,1.10543934224,1.81648377524
739,1.92199963103,1.55004345012,2.35894526883
740,3.53873874466,2.82796895093,4.39356015993
741,0,0,10000
742,0.0137745368153,0.000786069895765,0.0606983962897
743,1.1352520049,0.881481341069,1.44016520835
744,0.47153295952,0.346530016256,0.625083605564
745,1.04165962476,0.79645712463,1.3346854667
746,0.977684845105,0.671212386419,1.36732655593
747,0.324298724316,0.20649690917,0.480796449007
748,0.29109710878,0.185650763153,0.430821714538
749,0.392691803834,0.279811063844,0.533383581311
750,0.695624357291,0.517061404011,0.91387444204
751,0.300457319242,0.206841259632,0.419337027188
752,0.054148980765,0.0167985452738,0.12606117445
753,0.315085553494,0.193530044552,0.479706937484
754,0.419474029166,0.289231142688,0.586102311252
755,0.0554088198507,0.021992489246,0.112551512565
756,0.0549893454874,0.0136686621931,0.142724088627
757,0,0,0.0702707380347
758,0.38949260995,0.25070102501,0.572645012715
759,0.202623715402,0.118571527817,0.31980599858
760,0.564653386077,0.386001710309,0.792486577184
761,1.12235097794,0.894405003906,1.39064775117
762,1.47248567577,1.16636053865,1.83347997275
763,0.990085270193,0.768041410677,1.25488994232
764,0.453449150157,0.261241240084,0.722594672637
765,1.25719608059,0.928774094584,1.66256031591
766,1.16121805126,0.822829261197,1.59176215203
767,0.506092541444,0.348643072871,0.705494885197
768,0.356859328201,0.248259271962,0.493700395899
769,0.343626267975,0.210711402243,0.524398619027
770,0.435431219285,0.278133538908,0.643308904953
771,0,0,0.0234279100422
772,0.617101512084,0.464168753101,0.801343562198
773,0.0180593342728,0.00103058388788,0.0795813886907
774,0.134132079171,0.0670992494338,0.235940003594
775,1.0426010156,0.709230574042,1.46742273661
776,0.454609300323,0.300929617814,0.654319197206
777,0.88038461509,0.654135015361,1.15669486539
778,1351.91536025,0.933307958278,10000
779,21.747264433,1.14355349084,10000
780,0.0360855924588,0.00599788645214,0.111544482201
781,1.17788931898,0.910544390251,1.49870145014
782,0,0,10000
783,1.03376068377,0.787490283554,1.33120234003
784,0.478553252969,0.348680415628,0.637619074323
785,0.477168159006,0.343332499554,0.643057623136
786,0.70599944968,0.539397287018,0.905944167955
787,0.176232923277,0.0913108616953,0.302815112429
788,1.71618540649,1.38009511705,2.11496879058
789,0.668450786596,0.470911118381,0.91672042036
790,0.354406395333,0.217642698057,0.539717730247
791,0.77471100291,0.563894509925,1.03575396845
792,0.0619092201116,0.0221773833102,0.133323416082
793,0.166632190727,0.0760169895907,0.311073569757
794,0.15609323728,0.0748820912772,0.282125478099
795,0.974245298062,0.736547045599,1.26052079754
796,0.640354278449,0.469489092184,0.849677729624
797,0.118894350386,0.0635817059115,0.199857777755
798,1.79017291117,1.43292441835,2.22284609629
799,0.637664723949,0.40426264285,0.948180135491
800,0.848540586703,0.616392887426,1.13388943095
801,0.231786845973,0.140173016025,0.357198008319
802,0.594450366463,0.440070076199,0.784126272045
803,1.19181084672,0.935966379593,1.49673308023
804,1.28266472647,1.0050360619,1.61262289774
805,0.732333789528,0.562165157695,0.935223676199
806,0.765215666983,0.576387655546,0.993366875168
807,0,0,10000
808,1.09278721047,0.853625360578,1.3770850171
809,1.98654280385,1.61767407438,2.41754143764
810,0.0544018913187,0.0135277181127,0.141231872524
811,2.36365967665,1.9473675276,2.84604223189
812,0.631431715455,0.441069550349,0.869992672827
813,2.09308087181,1.67019866871,2.59668212182
814,1.15778216497,0.920552331078,1.43697061831
815,0.628319125969,0.468762159824,0.822734533167
816,1.71687666953,1.36510036396,2.12979831629
817,0.659404023784,0.490348249514,0.864976310882
818,0.352001735109,0.242788658296,0.490726805683
819,0.750968504454,0.580594579885,0.954870763388
820,0.111933518703,0.0401058477277,0.241023612741
821,1.04499815295,0.816263846074,1.31788439121
822,0.0690768026757,0.0214438855564,0.160598841851
823,0.0262355848625,0.00435814813072,0.0811466107522
824,0.272150666529,0.169188488055,0.410930738032
825,0.435195010741,0.286211786657,0.629656073233
826,1.26092465146,0.991319644124,1.5810992974
827,0.159248895461,0.0764085300058,0.287754835778
828,0.386879215272,0.199755790142,0.668450800933
829,0.848076818037,0.658617751011,1.07365685201
830,0.424571915218,0.287624340991,0.600477919877
831,1.05861750531,0.508127268504,1.91165662023
832,0.122796004587,0.0560872972964,0.228810776067
833,0,0,0.028337216696
834,0.684104161842,0.515664628349,0.887494622854
835,0,0,10000
836,0,0,10000
837,0,0,10000
838,0,0,10000
839,0.358749624798,0.237190755115,0.517045972551
840,1.90089337288,1.42478677289,2.48466782593
841,0.823003668138,0.551328268849,1.18217532
842,1.36600784196,1.09591051393,1.68385411434
843,1.64090814291,1.11801504101,2.3268370835
844,1.13684661193,0.767255792102,1.6228211436
845,0.85095633525,0.504986435895,1.33346690805
846,1.78344562966,1.18786830715,2.57083020739
847,3.22384888371,2.33379116668,4.35779740836
848,1.60307662832,0.519395992905,3.84924367516
849,1.92625485132,1.54636841729,2.37329971628
850,1.44948835725,1.16133914103,1.78797608986
851,1.17316825238,0.933148975229,1.4552953977
852,0.605486765234,0.438632529777,0.812016001316
853,0.497115991736,0.363870107537,0.661101495716
854,0.248003844521,0.15007494533,0.381842866939
855,0.291829798711,0.179273490578,0.444247770705
856,0.54266092334,0.396595790985,0.722164848394
857,0.250276475286,0.155515296392,0.378158146943
858,0.337406027686,0.225040722824,0.482767517993
859,0.0990164212447,0.0392998298017,0.201140316456
860,0.0741719346321,0.033836241144,0.138462247841
861,0.670421117683,0.510161712189,0.863335078625
862,0.0697238103756,0.0299284558916,0.135081786577
863,0.839920852184,0.610913051936,1.12314438915
864,0.466177560978,0.333436691992,0.63138584274
865,0.646632850551,0.49413137194,0.829349063314
866,0.20602062411,0.129777203881,0.307826433882
867,0.34948175722,0.244929479738,0.481366773098
868,0.355836152369,0.224155001878,0.531714231291
869,0,0,0.0212955121742
870,0,0,0.0702707392286
871,0.115886253998,0.0556354610626,0.20924860342
872,0.0365113429646,0.0020835668139,0.160901752364
873,0.495243257387,0.34823101953,0.67997103435
874,0.814629700983,0.604262460537,1.07160594319
875,0.440458471929,0.291141609424,0.635313174892
876,0.738140627459,0.293303378153,1.4984838956
877,0.384344005668,0.242404535469,0.574349506036
878,0.479378828225,0.314378185094,0.694931754977
879,1.01981001507,0.746718025828,1.35368763215
880,0.727037103541,0.534633686279,0.962496905994
881,0.203470513581,0.122061996092,0.315057869154
882,0.0536494647505,0.0133406481138,0.139276222963
883,0.583376061694,0.439206334769,0.757544389417
884,0.232785272467,0.151112929073,0.3402120391
885,0.846355263696,0.631301947251,1.10777481213
886,1.15802591625,0.904026383314,1.46261504974
887,0.610089568826,0.435422503042,0.827696899664
888,0.550617154427,0.411669346974,0.719751492201
889,0.359422886877,0.228835102325,0.533010268937
890,0.226257274253,0.134681246241,0.352559073491
891,0.202794341493,0.127754425826,0.302972505265
892,0,0,0.0347082600299
893,0.462546507381,0.337484401428,0.616979375245
894,0.541560435302,0.387768012528,0.733896683875
895,0.455460432475,0.316351493355,0.631424715047
896,0.447541116183,0.324130975573,0.600115259275
897,0.460673433118,0.319024004304,0.639831418097
898,0.62579756621,0.458993507803,0.830305286629
899,0.874972964947,0.675340933949,1.11460988589
900,3.13737993351,2.5996472447,3.76488058508
901,1.41223130079,1.06954849899,1.83627929119
902,1.63153033591,1.22247479052,2.14590556531
903,0.787386382184,0.544484338761,1.09807166932
904,2.30085204114,1.64698798613,3.13959438945
905,1.35800036192,0.922905352303,1.92221726868
906,1.32810884244,0.86416778061,1.94807326344
907,0.790596758343,0.502131926503,1.18001187283
908,1.9335155393,1.44734410307,2.53134229961
909,2.67020944374,2.02761516398,3.46344688137
910,4.20448473563,2.4994280584,6.64960068852
911,4.71790587152,1.34806430367,13.9632376275
912,8.47090835234,2.3546723869,29.0438124363
913,2.14485460708,0.152706324298,10.0584585736
914,1.69017769885,0.150199178291,6.78733327362
915,0,0,1.96547747131
916,1.25865852705,0.60693530637,2.30248307493
917,0.818806534959,0.543098127081,1.18151026855
918,3.72107582318,2.27504575656,6.18669349698
919,4.16646746985,0.527943913103,10000
920,4.49866667294,1.07784412207,57.3315353983
921,42.5654890443,1.67699086313,10000
922,0.793044970471,0.0429487478717,4.52507555093
923,2.59412098621,0.103327624201,13.3440630572
924,4.25615366655,0.279295111182,10000
925,0,0,2.96482448353
926,0.783815186991,0.434481016844,1.30475275877
927,0.320689821713,0.126573308386,0.658844455309
928,0.830837743993,0.567189045071,1.1715801046
929,1.88070587297,1.44700069019,2.41182863717
930,0.361827289644,0.128714111276,0.790758746701
931,0.175375694734,0.0437859140592,0.453028197184
932,0,0,1.06056053408
933,67.9305238916,2.13042513475,10000
934,3.25758906647,2.42655887048,4.29032476628
935,0.828341579916,0.0368672409525,10000
936,1.30567196639,0.0451126627318,10000
937,1.98343814563,1.43898957658,2.66147999637
938,2.8172379243,0.727995963893,9.11220236581
939,1.78436316169,1.4330056556,2.19676907761
940,2.00335551193,1.54733128897,2.54844215287
941,0.243998706276,0.140102952959,0.389920921428
942,0,0,10000
943,0,0,10000
944,0.574723288537,0.428112055161,0.752792489026
945,0.664707843461,0.47357632724,0.903289540312
946,0.830845511231,0.642433989362,1.05690475348
947,0.320827530417,0.220047504217,0.449205877984
948,0.724770057834,0.52199741269,0.975536574573
949,0.367436539383,0.243398754886,0.528244691446
950,0,0,1.35086159942
951,0.580421423324,0.42216507223,0.776011570186
952,0.719744517813,0.533681161197,0.948009812547
953,0.330555404947,0.216510696863,0.480031087069
954,0.464128466835,0.322674046647,0.642973798738
955,0.925244932099,0.708766374835,1.18488168924
956,0,0,0.0282913201249
957,0.0436866313419,0.0108638195585,0.113414007169
958,0,0,0.0282913201249
959,0.601225114545,0.415112156909,0.837588634601
960,0.665826974912,0.469327513657,0.912900829264
961,0.509980395323,0.371734758354,0.680158593996
962,0.547527400272,0.382116494214,0.756280878939
963,0.359483895012,0.230037775899,0.529949288926
964,0.263190734025,0.153937578382,0.41571570397
965,0.04938693292,0.0153231676536,0.114946072043
966,0.84166911986,0.615729647847,1.11867798666
967,0.706259609884,0.52189364334,0.931299178735
968,0.701746073814,0.541186410924,0.894395565835
969,0.0121940360941,0.000695795958571,0.0537557574643
970,0.127444790906,0.054711185161,0.246858697884
971,6.93405680917,1.25380481955,10000
972,2.60688794177,2.12654166597,3.16582277709
973,2.65000793731,2.19361705769,3.18228929963
974,2.33584720272,0.173166510311,10000
975,0.0339447337729,0.0084449974084,0.0880482841605
976,0.505272163537,0.379614566612,0.657219023248
977,0.381266064187,0.255849511698,0.543568069302
978,1.02138466183,0.784810000896,1.30551013046
979,0.478553252969,0.330065584829,0.666822135382
980,0.87031865295,0.674650532277,1.10414008866
981,1.11944686189,0.879813253052,1.40189437748
982,0.827486844349,0.632950986092,1.06137638444
983,1.50996461359,1.20427857824,1.87536741689
984,0.985677256931,0.763302730541,1.25055000161
985,1.86452994117,1.36772865519,2.49146139668
986,2.72058994876,2.04715672759,3.56020317727
987,1.07380616805,0.840152230354,1.35265276264
988,1.24215342771,0.964132043378,1.57158458781
989,2.44032686859,1.99386995244,2.96222570688
990,1.41031554693,1.10463276304,1.77228430819
991,2.40359333467,1.91807001475,2.98180608554
992,3.62714577401,0.213857696238,10000
993,0,0,10000
994,17.069733574,0.914024190128,10000
995,37.1211279167,0.958323412976,10000
996,0,0,10.1701455965
997,0,0,6.9731382117
998,18.4419720966,1.34287910997,10000
999,0,0,74.5787575468
1000,0,0,8.98392857225
1001,0,0,11.8112994872
1002,0,0,9.067322493
1003,9.59872448672,0.440785746452,10000
1004,1.03662184124,0.18013147799,4.48626555523
1005,0.278264957335,0.0138227818305,3.60777545804
1006,1.89371616051,0.261548875831,9.81853071188
1007,0,0,0.837399114981
1008,2.76947971773,2.12483715083,3.58500002769
1009,7.15219523793,3.21701266934,15.8428993395
1010,0.362968726169,0.250998112033,0.504699832234
1011,0.511902247339,0.33908708653,0.735937431737
1012,1.08476110613,0.820086574304,1.40374422657
1013,0.836177957412,0.617154077416,1.1031742073
1014,0.158117925085,0.0927328232444,0.248842225313
1015,0.469692665098,0.328531146521,0.647543949035
1016,0.663397314152,0.432283516701,0.965944110916
1017,1.26731126661,0.996837734751,1.58717135128
1018,0.948637831905,0.739260329839,1.19867897593
1019,2.27367840632,1.86701361962,2.750453027
1020,1.96905412579,1.61164858972,2.38511727047
1021,0.929306167029,0.723034406956,1.17365235712
1022,1.22833373969,0.968368012828,1.53601090531
1023,0.477660711225,0.33508786697,0.657257030214
1024,2.33924162875,1.9169454758,2.83435655419
1025,0.768417941721,0.598598908025,0.969764796166
1026,0.0525339506938,0.0162976789479,0.122298306567
1027,0,0,10000
1028,1.91833274806,1.55040446106,2.34941786074
1029,1.70852115007,1.38517737077,2.08634343512
1030,0.329845057544,0.22645419051,0.460935828848
1031,1.31553523266,0.931516165806,1.8011883225
1032,1.10235967924,0.862016117206,1.38748794144
1033,0.798540733859,0.593259611111,1.04831994512
1034,3.5005180715,2.65801302543,4.57482615227
1035,0.803254472552,0.604553182254,1.04348145932
1036,0.834346367919,0.629046276121,1.08116558539
1037,1.77253287572,1.41898245446,2.1862038373
1038,1.85734695335,0.0712583703538,10000
1039,2.12126846152,1.67991662687,2.66618010202
1040,1.37042236159,1.10033235876,1.68756945071
1041,0.769264026355,0.574520663903,1.00617821256
1042,0.343537314462,0.22913418557,0.491594608858
1043,1.19471157147,0.919916138581,1.52530812956
1044,0.674817261362,0.378516081992,1.09957509336
1045,1.13595099412,0.862302462601,1.46501434727
1046,0.899969171983,0.709888722687,1.12493568752
1047,1.03125181331,0.817378876003,1.28415809335
1048,0.218149888424,0.135740705912,0.329078191928
1049,1.14547754074,0.877200835723,1.46568951257
1050,1.80037758016,1.48688620163,2.16162000985
1051,1.67443026087,1.33623595057,2.07109377981
1052,2.22594056701,1.8130762116,2.70917329378
1053,0.201562911459,0.122049505212,0.310073496122
1054,1.6801096263,1.33692431338,2.08735635693
1055,1.43530573299,1.1321593529,1.79657264654
1056,0.109520047105,0.0434912956237,0.222276248922
1057,1.1249412952,0.880655349177,1.41294464237
1058,1.47176380299,1.15687546556,1.8414439105
1059,0.475434457543,0.34305095071,0.638910970115
1060,0.677015075614,0.495551585366,0.900143747779
1061,0.18606236126,0.0666667340318,0.400512910485
1062,0.615476080533,0.438100031018,0.836108668858
1063,0.547013162737,0.385524113697,0.750199224222
1064,1.23132902835,0.972841545828,1.53624757929
1065,0.407541037677,0.262371812698,0.599003855071
1066,1.32192854818,0.407406256388,3.10424925752
1067,0,0,0.204661371849
1068,0,0,0.385648255203
1069,0,0,0.385648255203
1070,0.292508277103,0.0733133083471,0.7555107246
1071,0.649327937946,0.297987262403,1.20946075728
1072,1.09874573801,0.837275321164,1.41226828069
1073,1.33087225492,1.05374555409,1.65860734402
1074,1.05917184027,0.836945799076,1.32053854819
1075,0.870816050531,0.668463598777,1.11455052136
1076,0,0,10000
1077,1.48713129449,1.19117856829,1.8357284686
1078,0.443012822496,0.306036133935,0.617578833519
1079,0.869825968213,0.638547115766,1.15340041698
1080,0.484727819957,0.336459953554,0.672018318043
1081,1.2480855955,0.986343081261,1.55979317681
1082,2.35089917404,1.90290663234,2.87118370773
1083,1.5187076583,1.22117755642,1.86830238014
1084,0.262036913229,0.173283727492,0.377505946541
1085,1.26480133923,0.978318266259,1.60991963847
1086,0.856628949342,0.650247089423,1.10498324045
1087,1.22129960965,0.947938103637,1.54593929272
1088,1.48874387327,1.18503845336,1.84685467346
1089,0.0715831211672,0.0256610715898,0.153966308453
1090,0.492994821738,0.355847702145,0.662861877141
1091,0.796660177168,0.608019108032,1.02087957014
1092,0.33167602673,0.194190469116,0.523104605861
1093,0.608740805875,0.456518797116,0.792761909671
1094,0.843426714012,0.646404506888,1.07918075622
1095,1.01964702616,0.774339424335,1.31416749754
1096,0.33909889772,0.218086990457,0.498776693236
1097,0.688534369603,0.510413673817,0.906574256829
1098,0.731582503997,0.264207017049,1.56064022305
1099,0.234555268808,0.152231864018,0.34299251155
1100,0.0474650259017,0.0170102975697,0.102137694594
1101,1.16285266749,0.898688306998,1.47739728976
1102,1.17457489005,0.82144350425,1.61856355832
1103,1.16168381659,0.914464271419,1.45304963022
1104,1.92498685805,1.54256543431,2.37025346377
1105,1.6523304241,1.35374847895,2.00108473263
1106,0,0,10000
1107,0.224182135424,0.131303742749,0.353516646547
1108,1.11047206835,0.852591060537,1.41920809964
1109,1.93759633771,1.41838129111,2.57569427152
1110,0.382517348533,0.262217166798,0.535993498232
1111,0.459474497964,0.325442828218,0.627467182959
1112,0,0,0.0349205645485
1113,1.11648920147,0.859668807834,1.42421965003
1114,1.28390014633,0.922956414231,1.73023670737
1115,0.569506077368,0.407609058405,0.770838680076
1116,0.356082348834,0.2345013252,0.51402578566
1117,0.366863794273,0.23628363836,0.538957270018
1118,0.508584005826,0.376326360644,0.670104348719
1119,2.06718963096,1.68496386649,2.50969067902
1120,0.742003306221,0.525941669928,1.0114277481
1121,0.912243212412,0.687246920865,1.18370000922
1122,1.49886282219,0.0924863300674,11.4248109235
1123,0.725221132409,0.543338520037,0.945851140714
1124,0.271041031705,0.161969097209,0.420555074969
1125,0.213797668584,0.117330559455,0.353237854396
1126,0.857484797012,0.64159360994,1.11859689268
1127,2.09095961116,1.69867211119,2.5535057518
1128,2.24513862641,1.568157612,3.0996667023
1129,0.831258397106,0.655320053358,1.03876620745
1130,2.54356501804,2.07270743022,3.09133022869
1131,1.05854881057,0.818883227817,1.34543456334
1132,0.596591733673,0.440249163778,0.787575635602
1133,0.364503370484,0.237207056306,0.531237465232
1134,2.18999690382,1.77904513274,2.66736284775
1135,0.489764973871,0.353563134251,0.658807530252
1136,1.59378128319,1.27168482695,1.97539425197
1137,0.730528051245,0.548888267521,0.950020817461
1138,0.469599858244,0.0224383617416,10000
1139,6.52816065552,0.102107332334,10000
1140,7.47905412871,0.264694201571,10000
1141,6.18663900994,0.276109587112,10000
1142,1.1664992778,0.918262477217,1.46453638787
1143,0.075205334538,0.0298560841623,0.152711185139
1144,0.969324065722,0.767452639547,1.20733520801
1145,0.0184357333197,0.0030625085008,0.0570224072694
1146,0.751828565715,0.558173054404,0.98918737533
1147,0.152244232701,0.00869012989688,0.670332259228
1148,0,0,10000
1149,0,0,10000
1150,0.624324674972,0.410411924279,0.902693070036
1151,0.276723007389,0.18602670182,0.393490970106
1152,0.744484393325,0.540641157387,0.996068535797
1153,0.0960912155137,0.0345763464708,0.205642726405
1154,0.818585541767,0.605756308723,1.0788957987
1155,0.181111605842,0.104094369146,0.289362492008
1156,0.0148193634424,0.000845813672601,0.0652695338868
1157,0.832650744153,0.646993187154,1.05440190871
1158,0.315414955235,0.191112494139,0.484900546383
1159,0.470982890595,0.316901599002,0.669145291339
1160,0.719708407424,0.520399046154,0.965366497457
1161,0.0131561789432,0.000750667334613,0.0580053158569
1162,0.100292226486,0.04576246739,0.187153748104
1163,0.834943097912,0.497009846934,1.30233894811
1164,0.0185983449496,0.00106140321371,0.0819397538419
1165,0.499083074711,0.36769480131,0.659875489527
1166,0.0525255837686,0.0130649068003,0.136282837409
1167,0.184705247683,0.0931678860282,0.32198343788
1168,0,0,10000
1169,0,0,10000
1170,0,0,10000
1171,0,0,10000
1172,0,0,10000
1173,0,0,10000
1174,0,0,10000
1175,0,0,10000
1176,0,0,10000
1177,0,0,10000
1178,0,0,10000
1179,0,0,10000
1180,0,0,10000
1181,0,0,10000
1182,0,0,10000
1183,0,0,10000
1184,0,0,10000
1185,0,0,10000
1186,0,0,10000
1187,0,0,10000
1188,0,0,10000
1189,0,0,10000
1190,0.468553109662,0.338589184249,0.62917454786
1191,0.71358416206,0.529076455522,0.938003387108
1192,1.48277072033,1.14356056121,1.89015655325
1193,0.986221744163,0.776324596594,1.23434825425
1194,0.560499504365,0.394795264494,0.768720408085
1195,0.377598946705,0.237940254308,0.564110987977
1196,1.39886472187,1.10460024439,1.74687171616
1197,0.312623326925,0.191669108055,0.477102303444
1198,0.752495594801,0.54968929453,1.00143543172
1199,0.0185014406117,0.00105587258714,0.0815153667521
1200,1.52410279284,1.21388708001,1.89214478975
1201,0.218149888424,0.125466638359,0.348437961932
1202,0.114864874124,0.0456158358727,0.233105596835
1203,0.174755685872,0.083891925625,0.315525987038
1204,0.799632260289,0.603553344606,1.03684086068
1205,1.16010288429,0.909754321537,1.45582231538
1206,0.0989267534519,0.0474944184278,0.178585905921
1207,0.131947472138,0.0566825644004,0.255301964585
1208,0,0,10.7042466994
1209,0.517068755865,0.382045171812,0.681826543606
1210,0.418739122,0.276684603769,0.60451665315
1211,0.920208582961,0.705031204545,1.17792339322
1212,1.16611329915,0.914224864903,1.46702906059
1213,2.49951427552,1.68723201981,3.59802806388
1214,9.61441474577,0.923039559273,10000
1215,7.83889185211,0.433692377287,10000
1216,17.648538226,0.280898756853,10000
1217,9.31388955303,0.506245640277,10000
1218,0.333960935379,0.195954948808,0.525522275157
1219,0,0,10000
1220,0,0,10000
1221,0,0,10000
1222,0,0,10000
1223,0,0,10000
1224,0,0,10000
1225,0,0,10000
1226,0,0,10000
1227,2.45794639975,0.0998148491888,29.2990294769
1228,1.80099423368,1.42565335098,2.24605685026
1229,2.62028877806,2.0806157462,3.27524494854
1230,2.82456993753,2.29027951041,3.45971930785
1231,2.75311607576,2.23083935592,3.38018855732
1232,2.88129936701,2.27950950772,3.62243622676
1233,3.51866311874,2.81991984261,4.37248229236
1234,2.15456829565,1.67824745486,2.75245216404
1235,2.42567925641,1.77387250501,3.27494538685
1236,2.63136680836,1.71898282969,3.82842829638
1237,3.49223969332,2.47283829439,4.90267756859
1238,2.73332146215,1.92395238097,3.82064317154
1239,2.36375375867,1.70832496211,3.21009182754
1240,2.48163882244,1.75579915705,3.4377575888
1241,1.59032491285,1.12485279242,2.19190204585
1242,2.20039653893,1.57151498943,3.04223352813
1243,2.93767383839,1.93732377894,4.46152997155
1244,3.7511569586,2.06137749299,6.58609357307
1245,6.16304531115,3.20147572841,13.3720313892
1246,2.94497763512,1.2918571159,6.46631990848
1247,1.52563375953,0.618881750047,3.64871002701
1248,1.4718966924,0.724624781334,2.61171817171
1249,1.59579090111,0.607071446405,4.36920018881
1250,2.59275488119,0.664403703299,10000
1251,6.31200129364,0.455602189858,10000
1252,16.5167703363,0.418546379048,10000
1253,2.17426385842,0.458962187295,10000
1254,1.34844870303,0.19415696946,11.1800203762
1255,1.81454549163,0.231972901121,10000
1256,0,0,10000
1257,0,0,10000
1258,0,0,10000
1259,0,0,10000
1260,0,0,10000
1261,0.117191253734,0.0194819565055,0.362093510367
1262,2.08264125456,1.5085827102,2.79435182874
1263,3.62196592564,2.54935986617,5.06793573796
1264,5.69551923958,4.1061124436,7.86477021739
1265,3.5876942878,2.38883802493,5.52565338739
1266,4.60944527144,3.13032454635,6.8204617587
1267,4.66605206996,2.83892790806,7.89569368611
1268,5.55572364597,3.34728381566,9.34186936064
1269,4.71176735094,2.6392001383,8.50791551382
1270,5.19599645296,2.73403156021,10.1280326738
1271,3.82305067417,2.05348149999,6.90858987998
1272,3.43901997954,1.79067456654,6.64251234441
1273,6.33480957965,2.35315581311,29.1038107661
1274,3.51174344642,1.52672797401,9.50356554764
1275,9.25105125568,3.10183569055,10000
1276,3.70090344576,1.68990730168,8.42770651474
1277,3.54218018403,1.43219009242,8.7615464492
1278,212.600294609,6.11089127747,10000
1279,6.44650355322,2.31133822277,97.6224918953
1280,9.9008125885,2.6533424194,10000
1281,1.67181617487,0.326741476861,8.71749701634
1282,0.982321783731,0.209488885162,29.318243178
1283,1.4582309504,0.236520480534,7.83334735789
1284,2.10203993734,0.301091096602,17.6731817351
1285,0.873758308931,0.0421522477509,10000
1286,0,0,1.54093524277
1287,64.9643544805,2.25277232368,10000
1288,1.3204116532,0.0805785970399,10000
1289,1.95082413657,0.664954164755,5.02448766389
1290,3.84629081041,1.55331042145,9.08640831423
1291,1.69515895185,0.371177912501,4.58511431213
1292,5.48712239743,2.0693611348,39.6806017547
1293,1.56225197261,0.348346329755,4.32451925711
1294,4.22965388961,1.31229307323,38.8785785332
1295,1.00777319391,0.205095970296,2.89222010064
1296,8.96997541183,0.0930136735322,10000
1297,0.957354949062,0.0425811783938,10000
1298,8.79210771859,0.32263370344,10000
1299,0,0,10000
1300,0,0,10000
1301,0,0,10000
1302,0,0,10000
1303,0,0,10000
1304,0,0,10000